# FFTa	FFTe	FFTi	FFTo	FFTu
0.1560726296224473	0.13112255952293653	0.11865961536160749	0.14106271536011233	0.14550110751468012
0.1658581922924815	0.14065107266361615	0.1318094507139563	0.14753080266397267	0.15699126622429743
0.16890608585404124	0.14696832264214266	0.14640311191990346	0.15272720366129863	0.16834906582059375
0.1953007678170739	0.16821559051543253	0.16931558003823916	0.17017501159681062	0.1866265146315802
0.2710074695282715	0.25019723197763055	0.25711599929345585	0.23321187105025065	0.25607456641530435
0.37920060514635673	0.3901018842098246	0.41750471403900236	0.33462819960498974	0.3970335509848698
0.5065483194640775	0.5374080384763162	0.6035121421265913	0.44472157480658403	0.5664021711627705
0.5955960784910925	0.6389485723475112	0.7511960677435575	0.519842593917114	0.708168564448523
0.6168294248801016	0.6636270205877691	0.8160156759883544	0.5324191014665077	0.7726132999414165
0.563265234012851	0.6048646722975795	0.7740860758381467	0.47747004128259846	0.7395891027873223
0.4714299889480496	0.49252662337356523	0.6529328605872894	0.40789944409890194	0.6518989799648086
0.4162389235672423	0.417057578917575	0.5787871745866311	0.39022859155246764	0.5917373096886654
0.4616793897641075	0.4678542533323743	0.6843096479428313	0.4731735106384445	0.6331401139745824
0.6200982835726888	0.6348073339113051	0.9948137813942279	0.6305059927860258	0.8866376836822415
0.7843650749949953	0.8240369348383103	1.3909358914324788	0.7885962567422247	1.2389061257297975
0.8848565014070522	0.9444715378116454	1.7169444581180953	0.8675624418486277	1.5385763379560065
0.8800235591182907	0.9464202724223194	1.8603338547201365	0.834409704245082	1.6840095427389756
0.767126125915844	0.838113829252803	1.7808374534230613	0.7019178735352531	1.6325270573588764
0.5949698663600629	0.6752446013243238	1.5784323881602975	0.5375175029602042	1.4619805897795497
0.46588751423368635	0.5484936582391541	1.457664170704345	0.4357017147210698	1.367879668444706
0.43633325555959557	0.5165440137800769	1.628900713960358	0.45091589525854203	1.5613837404287936
0.4782082554841474	0.592705551412813	2.015833435309566	0.5324758196053737	1.9578785473642821
0.5585838693772075	0.6963656890108618	2.5068596946933432	0.6089650635696817	2.4666767595493853
0.600906120628326	0.7592169356089958	2.948152775460093	0.6375765200579067	2.876760029228148
0.6042074981176292	0.7606786607771232	3.194917217314023	0.6235164748719686	3.1205418576604234
0.5695543138373729	0.7248028097237009	3.1830743147605225	0.6147056941814005	3.161689594845051
0.5174939776706271	0.7067502112717603	2.9828715777357018	0.6252359026484298	3.077559810078057
0.5052025409258258	0.756239771786975	2.697029332385747	0.7062225668245722	2.9917089763583187
0.5483265570177798	0.9179185735323259	2.429981817257714	0.8965788756533848	3.0323420441214117
0.6438335902593169	1.1422507506048716	2.2648905252273392	1.0925050248495858	3.2657849654470668
0.7645731016025081	1.3713372435075248	2.1407522578177733	1.2548202953858558	3.40149222392347
0.8479842199979405	1.5319784880535265	1.9865092252881251	1.3626235474818547	3.4322942250584574
0.8890797398872565	1.6121264526898114	1.8494043274624883	1.4545731295502586	3.439323644907657
0.9078899937754007	1.6321240507537582	1.6866593079559609	1.564526275505323	3.2219406542695714
0.9839590424062046	1.6610773248356425	1.4950686918620584	1.704912146462226	2.8711429745546284
1.1192166871362004	1.793051396174717	1.3102011887339353	1.9350222240544621	2.4578232683549213
1.2730056229876165	2.0215472938416896	1.1280090082653773	2.2626690343284572	2.032848438998145
1.4283255359590545	2.368566121917909	0.963412529458666	2.5580839463025513	1.7940060134430098
1.6544692760488857	2.7477907734783864	0.807200339231167	2.6879874188765207	1.6396380242040025
1.8772543126875494	3.0912680820603375	0.6797606635304463	2.814839763839433	1.4566080267557933
2.094417102287166	3.383641205916341	0.5716776401665318	3.2590843183370235	1.3912707853052535
2.289392804283475	3.5814389206754593	0.5159354855674015	3.8404390610673973	1.4323347739410102
2.5294268720747772	3.754949410328641	0.5152000261210756	4.449647253595068	1.542714922754139
2.848045130682285	3.956561388797238	0.5400677418283992	4.997711170338689	1.6581962884279164
3.1270465850552487	4.098020308587595	0.5846789655039188	5.3838744982175015	1.854499594224892
3.296641225333601	4.097005064829757	0.6312774077264889	5.521989321034009	2.1231499745526374
3.4701392823056043	3.915156034865155	0.6635745086005375	5.138466129663153	2.2697493317240878
3.6850905723331797	3.617620673942965	0.6690933200631154	4.673246462829991	2.2283974126680355
3.8331749351473796	3.2553088347956805	0.6390111277190771	4.631936967624175	2.048218465654227
3.871562400990223	2.771887727237074	0.5765231761138789	4.6285614084528195	1.8327993960579079
3.811018650898979	2.363477257820288	0.5004032257036201	4.670522566620316	1.588177431565904
3.7790837939435717	2.106513302745248	0.41101283588492954	4.779373764781412	1.331601445671517
3.6948508240804365	2.029330823104966	0.33235474644301677	4.753551288670442	1.131404076481425
3.632038806412311	2.0318072074797047	0.2825731263971719	4.6310916914654205	1.0748175835871545
3.66307898542083	2.053674108956594	0.2512219211702529	4.315224215522157	1.1144463847152657
3.9049709100438186	2.0459174223084817	0.23993427311486912	4.054368170018148	1.1500201195171125
4.177095180733644	1.9562992065455054	0.23767145763641326	4.059679285698287	1.1381808945112792
4.23360421963951	1.7790388334180203	0.24191668000034316	4.211063940202284	1.0595596281891186
4.064027225657187	1.5659608693904143	0.2572913806992685	4.476662436325622	0.9506638632312404
3.718516997613227	1.3820287454167235	0.26553350097439693	4.711896245334354	0.8313884860180872
3.3870445013903088	1.2830543807031318	0.26103309671635105	4.7535536735732	0.7316900888634048
3.038750111428786	1.2298961862022117	0.25066355542793567	4.560621404952295	0.6448443371797817
2.7580930913742034	1.2193450150027774	0.23714178770136332	4.363178579221023	0.5865705018538195
2.7133767926963728	1.2313937413507854	0.22230243892912455	4.117123443747136	0.529783800728033
2.8073377568065494	1.2205077168842464	0.20695184858932128	3.8688888259333245	0.46238237153574163
3.0164237054769196	1.1844937215508387	0.1900403991540666	3.835859520081061	0.38884492996429987
3.1241336253178686	1.1110410879032957	0.18110022090032807	4.086387795269395	0.2968947904839401
3.071392913389152	1.0487013633912867	0.18601260355778312	4.4399698182631875	0.21567636041357555
2.9257544816227035	0.9940317840536694	0.19799870069211092	4.536617324840867	0.16163123036334115
2.644964590358002	0.918319827354592	0.20840194627390365	4.398326664641043	0.1567017270383714
2.2816754730742335	0.8114691011267583	0.2109021684784208	4.044333698320396	0.1653149131874352
2.027697721336495	0.7042021980656722	0.20227809433336622	3.45124502013775	0.16556388012604226
2.026461275288554	0.6289339600257806	0.18086798958592257	2.844365571686448	0.15215761841945072
2.168576840869274	0.589449883276559	0.15087569267806492	2.62437872560695	0.12964859124723266
2.4060966066163796	0.5938409677309702	0.1238189363938751	2.6318619044347815	0.10849897900444344
2.64594326776321	0.6130915947274544	0.1097314988483618	2.597355398446135	0.09489825419477158
2.8068487966457236	0.6589308679321514	0.11892614588328344	2.489382423056699	0.0913719064862788
2.837129437966979	0.7005576403148134	0.13602549019385643	2.3418089013873162	0.08654340780433652
2.681926905450727	0.7129397906420998	0.15568261021170587	2.1153000940603612	0.08365852521936887
2.4902976625167303	0.6928804739040612	0.17457562821522127	1.7298688919023775	0.08107100662981273
2.4678165823258547	0.6457825586294726	0.18647365052066622	1.3201986492341653	0.08411464368540275
2.5429870408967172	0.586948712843046	0.18609102307151035	1.0233321380550715	0.08259354325287005
2.6108482488906994	0.5439924680012167	0.17184969664137292	0.8520281074138516	0.07710362100350407
2.6212296580771604	0.5085578494185862	0.15827256151765318	0.7373970287276288	0.06960462021442158
2.5837605217838684	0.5030632836403037	0.15903453635148235	0.6505624538736698	0.06388036252494941
2.5450231494902056	0.5053869383673243	0.16911553636828036	0.5958345920227023	0.06543192673265276
2.503900337847299	0.51874713282642	0.17946948542093658	0.5606549158223298	0.07200557083282792
2.6916613505598384	0.5695995683508238	0.18349040306523037	0.5336879654292916	0.07733605971356343
3.136943759387763	0.6347260169314536	0.18241989534648123	0.5135998551429521	0.07924104198906703
3.6136113590632095	0.6951019788183515	0.1724507158737363	0.4909996537796303	0.07587700237828379
3.999771771748339	0.7331407650384967	0.17128535854037125	0.46882356403229036	0.0674217535602426
4.0810164907673565	0.7288887606167236	0.17876041305805007	0.4391570745950676	0.05901054014828415
3.871118202978514	0.6926120504825787	0.1887888496456595	0.39174304334356386	0.05396024897660362
3.4191406541309677	0.6551205959490054	0.19982370096863789	0.33188079237297263	0.05997410435747366
2.9421548057531406	0.6378196928573528	0.21267262509013554	0.27769858268877384	0.06399321682612784
2.650085853709372	0.6379708227761542	0.21204379945149518	0.23857429670564165	0.06382571590881024
2.5174035957000247	0.6674700811222434	0.20294988087508953	0.21762320445568795	0.062298575960875416
2.5515514738755307	0.726956810465194	0.1880613505253837	0.21659223513714088	0.05903241171017193
2.7210644882130244	0.7808140603641139	0.1752678542501512	0.22259071130829314	0.055914699897200534
2.8661979052915116	0.8327806559355175	0.16915857623166172	0.23477876815921853	0.05072518138678914
2.894887619277545	0.8765350703328145	0.16924491955190962	0.2627728273934138	0.044990119935712156
2.7572663563552635	0.9199036308371773	0.17525624985293714	0.2882731832102795	0.04454262412573033
2.508004652066524	0.9615534378579136	0.19302952824299474	0.2982973480682802	0.04621597927449189
2.2140096711477097	0.9727380821897759	0.22277339816687405	0.29068886401466393	0.04813956471658233
1.8813740766656555	0.9674081574674193	0.24785820300686343	0.26855419212070164	0.04880355655085261
1.662312708734257	0.9926968214477031	0.26049577324497114	0.2463346395920369	0.04875699138170053
1.565323091423164	1.0475182935548843	0.26315919627915035	0.23061306959373665	0.04797524549739111
1.557092286446218	1.1582630192921366	0.2586672457204329	0.2235332070219187	0.04637554954341866
1.5717536275681019	1.307930445041622	0.24412098602922944	0.21701984870698401	0.045385032840904185
1.5602466645291837	1.4981407920537038	0.21885671211433863	0.20979762891846102	0.04548448642972434
1.4855525631791104	1.7133722943549194	0.1920966634225397	0.1929614148047562	0.044776858712701074
1.348984420013569	1.8784883567028525	0.18411983953737893	0.17794249505261522	0.04249462328219179
1.189772806891519	1.8996895392274769	0.19237490501396945	0.17382950055571914	0.041907591859403355
1.0884065979957278	1.8511364984638579	0.22034910280576456	0.1806184978329491	0.040157646025843916
1.0217505494603631	1.8206178760542604	0.2538405541656212	0.188678793250496	0.039148816317819586
0.9925851945320987	1.790778211738287	0.28030962682677685	0.1931128891628267	0.03816590576356759
0.9615093493718005	1.8136873080229161	0.2899614110147012	0.18801562266141597	0.03560458008841051
0.8969706338387675	1.8469847085574425	0.2779552871351449	0.1769837427375672	0.03308235855278249
0.8071506317645787	1.958945826134229	0.24712260924139517	0.1677992497808336	0.032495354871988895
0.7074926246726474	2.0216368394826145	0.22461349668708497	0.16279176990141678	0.03084250946282601
0.6232011569087541	2.073192917268924	0.23519929161901754	0.1643212386124023	0.027886723195483003
0.6014047699812443	2.1646030423151834	0.2740895110149719	0.17360587277028167	0.024912191163237535
0.6565130541117249	2.226688192687782	0.32334461430221917	0.18560634140706173	0.025702931138981273
0.7277084382871835	2.252052846536316	0.370446949918965	0.18894093396684136	0.02821963142574231
0.7689462820948835	2.1418735310503805	0.4088076515244348	0.1790984491648915	0.030048154438871565
0.7604958216058145	1.9364109921034625	0.4294499574612146	0.1674985314359742	0.02992889086629627
0.6978516492014206	1.6890787546677946	0.43126094460118186	0.16149581036463023	0.028350484882918178
0.604773557455035	1.3748426967263687	0.418930534757875	0.16298516521405101	0.028353562046521313
0.5106819368230445	1.0866577415141625	0.43401123888545295	0.1784144319114382	0.031150273390307293
0.4721313820296814	0.9120957334083606	0.5078465133951143	0.19410775416151665	0.03052070615110555
0.49104853097963297	0.9290043788131319	0.6127651905855589	0.20030402988488033	0.027692741722183205
0.515697982679774	1.0508877540522394	0.694441149623186	0.19696660332230637	0.025501850869408
0.5442020684637994	1.1785479231986007	0.7201946733500962	0.18434372220478912	0.0239708264098911
0.5517333894253146	1.2386252462456855	0.6978136060648723	0.18100148019390128	0.025932643105157808
0.5275217957702791	1.2439194771413584	0.6420936345485843	0.18281930450445177	0.02639934198313229
0.4802264383191699	1.1547251986711753	0.5835028392907227	0.19366089861383368	0.025020778303159647
0.4344705958513873	0.9986320491211238	0.5295620049297577	0.2030436022137286	0.024689405123715424
0.42908294320321244	0.871164871849143	0.5358309878438886	0.1993525431500659	0.025997822440356692
0.46562966315683607	0.8251697875355277	0.6208185982717462	0.18657443101249088	0.026251640695666614
0.4886554301653812	0.8587562283985685	0.7526653375631845	0.17410589198762505	0.026963216924590815
0.4962309508086471	0.8813159757552375	0.8537566462580063	0.1626432179302228	0.02902711352148325
0.48184724025848247	0.870952589253582	0.8886120184873211	0.15471063265095486	0.03021892099468862
0.4676118505549513	0.8423356562230957	0.8466516186287182	0.16068385152119885	0.02979759064632756
0.4580789483584668	0.7916130304934774	0.753298436671349	0.175458196869698	0.030068478608992415
0.45698399185087074	0.7326046838327762	0.6346487008857918	0.19060567991911986	0.030634174518752538
0.4666225905851221	0.6727892145504959	0.5180837565520359	0.19099900587694882	0.02753221393142476
0.48395471737035434	0.6480440905159229	0.43395423149249723	0.17641692168381443	0.024632871750229306
0.4773003208825331	0.6500346561471427	0.38367837734938415	0.15119196636516785	0.024985749822690608
0.4478804055070319	0.6394834675545653	0.36819209234405936	0.12763735265012968	0.028164972635386885
0.40208112601501306	0.5968586444744811	0.3979701603481388	0.11787728931258815	0.033779069875198416
0.3574126774234256	0.5370879829491253	0.43459295562030753	0.11893788327860262	0.038777458030476955
0.32378149875009776	0.49615714358824775	0.45545536494620154	0.1254967741822323	0.04227904195928625
0.31022305607884465	0.49638673000730904	0.4503751313199902	0.12700891884617355	0.042839128086637666
0.3043094478750692	0.5317386105560409	0.41711897602900305	0.11615441022539279	0.03970069054699085
0.3174789436661778	0.5998362496048393	0.36907323845141765	0.10369515755252989	0.036679080983495566
0.33362905015986516	0.6940429178435544	0.3318184873344805	0.09701150472825411	0.03298367037976587
0.34168363691896025	0.7784965385738628	0.3220351635402687	0.09752902517762672	0.031305911224721344
0.34650744657157423	0.8176040553752234	0.3354245906819741	0.10603489703749121	0.035747827580950395
0.3418232357421972	0.8019280575793676	0.3575261112364201	0.11902892183692527	0.04144116457904891
0.33222162059968735	0.741150504522377	0.37393491906094656	0.12723065139395315	0.046734719123361176
0.3088796269042025	0.6671795023138886	0.36933237021437687	0.1321435257335247	0.049271058754238345
0.2779222805719535	0.6164836212393418	0.3432502378741484	0.13086631582726355	0.04919788284882561
0.2547724787527757	0.605184093775972	0.3163121170679009	0.12215534018124463	0.04865560877000411
0.25280814519971817	0.6277307019691953	0.3104617491626352	0.1161947476679428	0.046576731284120355
0.2648312344600624	0.6851668629632056	0.3460843287395097	0.12736914557021872	0.04511153908972006
0.28200293077744376	0.7343745657693441	0.40733341392085987	0.1465438417730882	0.04871651607857189
0.29768751512952407	0.7852459834716067	0.46271859201000864	0.16443683878813295	0.06134878796205555
0.2979088370070619	0.8271110351509214	0.489354556936553	0.17452453870250523	0.07251858086417953
0.2840580220937758	0.8546169355936286	0.4781774053553706	0.18253866462746166	0.07644634674664032
0.26003259889960606	0.8462273312215128	0.43385549507169635	0.1876512310431054	0.07180842198777915
0.2425654564379966	0.8468092419990566	0.37544323912694527	0.18355265776015642	0.06040629313211806
0.25330282667371423	0.8394417934994488	0.33077565332106923	0.1767149389712323	0.04900079774863021
0.26518370008516196	0.8162272563376798	0.34294159757869114	0.1793665905506133	0.042882081599873556
0.27638619407060333	0.8017297369917309	0.41255894477651855	0.1804428249195357	0.04359246883227472
0.2784645865694904	0.8067156575413519	0.5156619274372665	0.17383002219842938	0.04918797012772359
0.25904865980871594	0.7722421428216735	0.6085057274505488	0.16121122228699697	0.05247192207835236
0.22806580552196692	0.7228034414506034	0.6517676526280124	0.15721180399613802	0.053054178098627516
0.20171892544766187	0.6763387531610983	0.6339117363468427	0.153857545833266	0.04844215607915248
0.19673122889631606	0.646748462563483	0.571970268134185	0.1509240439749432	0.041334141019465656
0.21076806904457893	0.615483615309162	0.49972533533233865	0.14992141150392102	0.03552747536397222
0.23009201243662464	0.5702121916968375	0.43602687912942306	0.14565795123390374	0.0392320811075013
0.2362670869019406	0.5174782765896838	0.3920743528215389	0.13998073129467	0.042718808423706345
0.22772688414544429	0.4818454993333984	0.3861646330770021	0.13315275937346266	0.04563600537113864
0.2087672325736746	0.4539188421806135	0.40227880464241184	0.14106906756129337	0.0457077519877192
0.18856308258704746	0.43133559023451684	0.40928863495001294	0.14447500407812683	0.04154752857743916
0.1839488107796842	0.414032260456978	0.41696794455349573	0.14069471827510033	0.03622134697604994
0.18183532595086374	0.4062593795441458	0.4349586231024696	0.13671189177196613	0.03220178534450512
0.1800944482316418	0.40568749111385777	0.4504492804985947	0.12842696660306951	0.030130760004756865
0.18498647981874042	0.4040843616792225	0.45213191735136277	0.11809606834700007	0.029613601667511764
0.19258006877147404	0.3890160965994557	0.42804818666185984	0.10975327795340332	0.028805943930818173
0.18985311699866259	0.3645414617714721	0.37868009487345755	0.1080307079126431	0.028432436454788275
0.17801626924143954	0.3422643568580199	0.3239079053798855	0.1149073905038479	0.030297791796247628
0.16317515318561632	0.3206377174688221	0.28676443966708326	0.116259322396799	0.03389172560300678
0.1474321159532713	0.3026351370147488	0.2791761153461695	0.10979139034537348	0.0352883661192192
0.12711760402124256	0.29170690442303243	0.30312759202491607	0.0988215104176266	0.03593083537461485
0.11434237261382474	0.2795027426326978	0.33896270986903715	0.08718265198212954	0.03655788471402964
0.11012515807842484	0.26181217065760665	0.3686036471474301	0.08337155793910293	0.03590634519694794
0.11706220625563918	0.24479331841591523	0.37534321561392175	0.09230334902489104	0.0342619811024029
0.1280115906650748	0.2361565198552426	0.35826116608144354	0.10339973718980731	0.033530229084055216
0.13671371829717197	0.23695519865736073	0.32457972444466965	0.10959961127199729	0.03446655392715921
0.139134912988945	0.2415918974915206	0.2915521277877051	0.10761047550254668	0.03817125888321414
0.13820889526714497	0.24887006116258753	0.27126973617743527	0.09976541342224048	0.0428629387896571
0.13372404108699354	0.2541945173103284	0.27357864926600023	0.09247227976825699	0.04531391157037896
0.13652500854946875	0.2516019336636295	0.28649909730345674	0.09078177896612442	0.044299660887345826
0.136318881423465	0.23691937034905947	0.3066165082919347	0.10177340553844533	0.0408910248383049
0.14067746546957882	0.22501348338555688	0.3202741075011985	0.11156023207063984	0.035394717177283444
0.14112970071006975	0.22451485476351335	0.32096791126672497	0.11539456896225328	0.03558097940299524
0.13967534333967085	0.23621313160697935	0.30844655880400645	0.11651910126378724	0.042468221056056424
0.1344551785255263	0.24958979738343948	0.2942632142296106	0.11502485310166731	0.05017444749129988
0.12787882712131257	0.25952574209052204	0.2850777532105899	0.11342547906579742	0.05599334999051802
0.1260216294270759	0.2654992082510593	0.2830871856181349	0.11810847711618015	0.05900127450764877
0.12656058176944723	0.26311324501947037	0.29485879751234934	0.1381764312840034	0.058129948530422824
0.13966012408435038	0.25493631644772463	0.30386774277089873	0.1575872179850844	0.05221686641009281
0.15739213308086994	0.2457906301840335	0.30395807816375725	0.16978255684740387	0.04532708199071961
0.1693414008287619	0.2466148403634063	0.3001487696064783	0.17699566156953192	0.042595056262111075
0.17208118500280778	0.2611807171222651	0.2920335829885071	0.1826026246539001	0.04228369006988423
0.16656705797302185	0.28284897821380384	0.28905553697883707	0.19396538298076887	0.04658746238708268
0.15647254587004758	0.300409501973255	0.29419767634760047	0.21528699738969218	0.05654264428017621
0.16013023836176798	0.30284103426699854	0.3060833066936253	0.24053092910415602	0.06069811844770908
0.1732639181124433	0.2941040151684633	0.3238292378936536	0.25433315152575703	0.05942703312238554
0.1900761335009489	0.2942697705995852	0.3360768957311752	0.2561798334898466	0.05832655468983332
0.2137679267728268	0.3014682418079452	0.34934523819446683	0.2601020363498326	0.06154805841552223
0.23065736689574076	0.31379631622202925	0.3595216756800643	0.28560857585100924	0.0654351061372541
0.23315342464537472	0.34007431320550746	0.3621251051541701	0.3122864571290022	0.06570149747317314
0.22938861191543258	0.37193610129430443	0.3674236224642775	0.3399407534723896	0.06383638844325738
0.22836023623248805	0.40698326886952313	0.3853117910395521	0.3801680747073964	0.06554887542414087
0.2472650228033825	0.4271573873587996	0.4088904184200653	0.40209511351141247	0.06853611052117135
0.2677473938117097	0.4336542454060003	0.43510039444108084	0.4004102349685731	0.0739695087023291
0.2852141486300903	0.4323543048753313	0.4628913089346289	0.37904333498454124	0.08268844223104208
0.29213097016757494	0.42764753040895326	0.47745549481872385	0.3449944181818227	0.08817725706374054
0.28619515491835135	0.42945531558527267	0.48654715483079614	0.32219543999549666	0.08833424627187217
0.26516726078645025	0.45307764664903805	0.48175377310156503	0.3271646833612205	0.08427067527690457
0.25426311980103733	0.4977805484603837	0.4654040701629197	0.3427480035323421	0.0765749535101827
0.27992066125644	0.5384314267979539	0.44703638234702775	0.35364556672504655	0.06702034911474948
0.3209067886111922	0.5765305941785484	0.44752613612410397	0.35438157729328384	0.061101812759267196
0.3570959336252737	0.5810881941043418	0.46158012695196604	0.34578271705635705	0.06006900105974643
0.3802250917681608	0.5612184406185452	0.46931272453369793	0.31830892214842194	0.06555485095063662
0.3796732936759238	0.5092658145651988	0.482998214510337	0.2846970933431033	0.0709902144655299
0.36010153536496325	0.4580678387333941	0.48991816433109603	0.25252332155280066	0.07071872405908548
0.3279778772255136	0.43007993857352717	0.48687999823855416	0.23615631045038146	0.06537103928510286
0.31116754739379576	0.4310918468768505	0.46933952993903283	0.22162992832176412	0.05802851412127544
0.3105968818188479	0.45748510520492536	0.44812178775800904	0.20726940520710616	0.04832792779173716
0.3219395519421698	0.47260764091410745	0.41637520960490637	0.18632804879803683	0.046421252317432146
0.3337240118284581	0.48118846721823516	0.3887870232972026	0.17153448094717016	0.05343828400766561
0.33314658375597395	0.48758879548293	0.3603155347868984	0.15903105167785828	0.06776603077534454
0.3375502870767292	0.4735037034179761	0.34433554292758234	0.1649789636414219	0.08146086329500953
0.35523806775165645	0.44949639936606883	0.3438608349633839	0.17496454876403109	0.08963031076020049
0.37033781195427506	0.4384980374958259	0.3447709421139225	0.17846503994703206	0.09029562391756556
0.3796230226700941	0.4505652316342604	0.33979569626958633	0.170583411415159	0.08284193249830551
0.3863333090580917	0.46623492067258404	0.329665847692391	0.15250368679098844	0.06989802769320909
0.3798781968409245	0.4678912994264946	0.3120690132353336	0.135023681141061	0.055578226192841175
0.35864481009227756	0.4600181465380369	0.2974262517288245	0.12593481953288294	0.044540876194744734
0.3363762481995186	0.4444271224295851	0.2958449763748197	0.12030628913589253	0.04123127373373356
0.3144223427034781	0.41560352989338184	0.30527222598606474	0.12345445182589924	0.043780066816140314
0.3090598447698618	0.3858461624047621	0.31309638035172765	0.12527543628845988	0.044279431254109505
0.3138620788917577	0.3852945905680068	0.3145340550833664	0.12821605957267257	0.0428436160653827
0.3187368071124452	0.4280207104661695	0.31433045224954376	0.1266784805975335	0.041375720541094015
0.31076548734105375	0.48972641673964934	0.31905422109914866	0.12364970466369667	0.03958317693927834
0.3037948810500555	0.5243985318908099	0.3184772721287293	0.12063738062208428	0.03516731731262727
0.29623806736874336	0.5167519668865014	0.3092749844113353	0.11840880605754768	0.030786526768002413
0.2831343383480456	0.47043363828619855	0.29823806244487927	0.11274417611044782	0.031597486188051145
0.26663844401830805	0.41752926472876034	0.27967663132932163	0.10634303417250209	0.03323784101543822
0.25364330447980915	0.35615747147925253	0.25263029168030227	0.10185937522519728	0.03451364840865251
0.24111790050340867	0.3059819908701167	0.22324525583112922	0.10373749771242868	0.03375509125136053
0.22581233601807466	0.294930921873473	0.20284103997256356	0.10475942684958732	0.030081658174995536
0.2024541429517526	0.3195065560458752	0.1967973999550611	0.10705367829153577	0.027055565906501235
0.1977737502536072	0.3652602189756025	0.20530750154538313	0.11006764147729095	0.028165207031528944
0.20993431389772182	0.39393376094592175	0.22965766728264686	0.10885377854861057	0.030385865736015066
0.23045279372885555	0.3975324781565825	0.25716820911091665	0.1078829644085124	0.03354369552115413
0.2527583133897404	0.38879631340047394	0.270377470025607	0.10429201811019805	0.03687763033526113
0.2668983689500666	0.35931238091749157	0.2686926230839651	0.09736032019208024	0.04010087365250097
0.26615525728517686	0.31236893261082643	0.2439967496154956	0.09167854147181184	0.04193689700141773
0.24122302389631814	0.27130224035838435	0.2123631850235346	0.08708912857372414	0.0402777130925002
0.1982118076915217	0.2643715930460716	0.18419153135421054	0.0858934046238574	0.03439575258894859
0.16441490217547747	0.2668802403128983	0.16829805250009353	0.08294924291761246	0.025458519236439128
0.149630318623624	0.27198028091729637	0.16662433674963206	0.07579772627551754	0.01912752097058818
0.1460264354313686	0.26964753193677027	0.1740899771139952	0.07244778015618204	0.020866686458396316
0.15277775083603856	0.25946831192378894	0.17701316227912117	0.0660500160752598	0.024477395822803425
0.16105851478381258	0.2558084599569315	0.17171373943936255	0.0573781992030392	0.02814091065350491
0.16448494187668664	0.24946122057253317	0.1613424049844865	0.048927052227115346	0.030143563261950362
0.15885605901004662	0.24131175494978935	0.15021626010296246	0.045354835123039325	0.029522718830394017
0.14597262158227803	0.24800433186939222	0.1420951912092622	0.04486330935440662	0.025735904358694266
0.13876433316920522	0.25962646047755583	0.13677388084454772	0.04545665597453914	0.020009672260633334
0.13126453600231705	0.260610622547916	0.13210114825146388	0.046817964537609204	0.019015522158411208
0.13076822679323616	0.24765351580618694	0.12697986113617948	0.046978368506383955	0.02052830766556258
0.13102367123262473	0.2194915190388354	0.11914460577937082	0.04757779026131955	0.02104628833113779
0.13019575118941562	0.19084357878223096	0.1086826650588863	0.0491834341104458	0.020331642191222903
0.12511161891721775	0.1849493509013182	0.10091979103076947	0.05230901007863352	0.0184603153956716
0.11416472381461232	0.19644425985637776	0.09693964209401082	0.0538044624585423	0.01690713392940823
0.10132240688130531	0.2020442411006389	0.09819890986734355	0.05519570077351825	0.015591348562000177
0.10164946294852673	0.20756169134424513	0.10627846550604628	0.057179765585098276	0.01406098762245423
0.09770865430873933	0.21267908310175385	0.11432605977849516	0.057663979095811835	0.013251085802845083
0.09699558087848317	0.20602671998790445	0.11829821946214684	0.055412762914980984	0.013758300060167216
0.09926915521858877	0.18929994597764813	0.11660563308067913	0.05778386926815736	0.013584788334863054
0.09869973436562111	0.17031603403975082	0.11011692496562844	0.06209668222647141	0.01282344418536593
0.09844120817056262	0.16266276208682648	0.10362096405593207	0.06514366795253353	0.012313081050132634
0.09582663183064456	0.17141302881903323	0.0994464218006432	0.06835445414196231	0.011646506218045173
0.09181788108747323	0.17856087287529845	0.09779971923250243	0.07134566838413862	0.01072679119736976
0.09565907645235291	0.18241202707480986	0.09506073052526282	0.0730693271993246	0.009089793818509481
0.09812871362810094	0.18012035445264216	0.0907000202669234	0.07141725844891435	0.00816910729544402
0.09783059870694714	0.1718620291943336	0.08679390335340377	0.07200546044955154	0.009069618533509355
0.09704573748351669	0.15907760165244977	0.08178122400752942	0.07576270619286081	0.009600206253742525
0.09650686868151213	0.14960941368366093	0.07997519662264956	0.08071628008339486	0.008977103811667062
0.098977292563561	0.15184894764329634	0.07988824112995266	0.082127949865283	0.008773572939122036
0.09720646170596359	0.16105221736906405	0.08357424338712752	0.08544868085286811	0.008956965896377614
0.09514696599060504	0.17109464319449477	0.09125567931922174	0.09404848734571784	0.008666286911728301
0.10441538759319416	0.17944465774083374	0.09575710035575521	0.09669745123647329	0.008103535508108658
0.11398816278989095	0.181963693070893	0.0925000886748873	0.09708449412199403	0.007873016674604752
0.11940303072004073	0.17881956128946047	0.08158189532525889	0.09759596987227266	0.008474735909969706
0.12251811584961676	0.17448408064715765	0.06606329074665201	0.09757939788407329	0.007922647470425386
0.12146467182433048	0.1871054938614362	0.05246754424678189	0.09852116355464842	0.007520181022759695
0.11888366390596351	0.2043521666271478	0.04850101636198569	0.10055838223549969	0.006703499521711613
0.11549890803263278	0.2162250412246351	0.050173549267978595	0.10509795883283267	0.0057224720860291605
0.11527363827820129	0.21765566392833535	0.05879261810267286	0.10670640008933226	0.007116756214609494
0.12328947403672769	0.20958922887326104	0.07146176994941292	0.10160101349790882	0.007518110585032704
0.1309707540489849	0.19517184424313824	0.0836826866380013	0.09085706299340408	0.007372988435541576
0.13493500668754851	0.17467941857127642	0.09030102060692302	0.08478866582886144	0.008954017041354298
0.1345640056609702	0.15624679642564518	0.08804958693354696	0.07970767168804774	0.010078233190515993
0.1278591780859829	0.1560299979537054	0.07727911319486447	0.078642739678038	0.010058144371785448
0.11618081910641084	0.15865322223710848	0.06656482635390713	0.07924076325678578	0.008962631776498036
0.10886169716534207	0.16384858785222048	0.05744434832845708	0.07960792907230448	0.007286177804946687
0.10510914606210277	0.16667686506282667	0.04954004365151804	0.0778765902063121	0.006699137785402003
0.10915993033402559	0.16696361063281298	0.04518947270774827	0.0753033754968962	0.007868028840370373
0.11540368930587794	0.16575383438328745	0.04506860603622969	0.07583017631882247	0.009456855629433929
0.12119760771480595	0.16290379628691734	0.0489648341249682	0.07680919385551424	0.01083078907194052
0.1224718638787485	0.16152074252913137	0.05219547912822811	0.0764639432766335	0.01099660393174209
0.11853887575873942	0.162525235355906	0.05388805452821241	0.07674453660385114	0.011308094775134395
0.1143816423986628	0.16144500556748553	0.05539191886393887	0.0772864199039413	0.01063749937368327
0.11398070073060598	0.15771574925934656	0.06097694880643633	0.07657404238549423	0.009354017441151118
0.11674152777113608	0.15109472727678366	0.06601744231061221	0.0735837286495279	0.008684301239630184
0.12443985520363043	0.14076244509453778	0.06853648113052542	0.06837783214850128	0.00905480499330146
0.13188318034024724	0.13867594689168952	0.06728247438631284	0.06329702276718374	0.01007072703397984
0.13424987099014954	0.15260794056579743	0.0646664928985826	0.061165036868569986	0.013035957138778117
0.13687039373651225	0.16874869068185214	0.060537637837316374	0.06153246354952563	0.016432498999177262
0.1378374097866874	0.18552400034476899	0.05695771432363417	0.06454824957261882	0.017918419209099715
0.1363684952698879	0.19573548574944066	0.05727387377705286	0.07212092433717593	0.018222945528828718
0.14157875822141935	0.19663202625104073	0.06275571079175352	0.08349843582188327	0.016854551249902455
0.14880087591079802	0.19092305870720394	0.06969525689940483	0.09041030188401616	0.01377146190715752
0.15823980695459344	0.1786788668664301	0.07600024090897937	0.09005778982309451	0.010422912761768962
0.16699959264996214	0.16495203021852042	0.08231811070584925	0.0852406001117144	0.010825752450552
0.1723759792416542	0.16511734865011987	0.08612614589973089	0.07921251755082556	0.012934918226016787
0.16947804892196552	0.17248463165733505	0.08574534732173922	0.07646225986775836	0.015510641388331355
0.16003229755906623	0.1818899713230634	0.08538061250646646	0.0736707788618834	0.017975813647767822
0.1497023424938293	0.18919884632044756	0.09007603382987174	0.07630633687754862	0.017889192204598506
0.14495066444792615	0.18958389552625407	0.09982636325044589	0.08626367761157379	0.015507273354972036
0.15036333030693774	0.18408943603873776	0.10328126171406367	0.09512452750703991	0.014432222451528412
0.1609867321161084	0.1798334928234723	0.0993944274910577	0.09791939697286367	0.012953031483050558
0.17376052382775264	0.1785855139519317	0.09135793443625703	0.09485359877468084	0.01067391219825356
0.18373424684317052	0.1833107049945023	0.08350299132491246	0.09024610205371729	0.011669298759974458
0.18761351114331049	0.18981891666180908	0.07976639341375455	0.0895261539184449	0.017430455318018918
0.18322102267182785	0.19083647338280785	0.08029888332047043	0.09293151185129657	0.024394616701853784
0.17374833861695088	0.18598193857011192	0.09272075518189637	0.0964725994031062	0.029517817261354336
0.1664628525863389	0.17771547453109274	0.10847427098691322	0.1019364982591848	0.030317002957683265
0.16487628523228945	0.17260053101275993	0.11684523318173448	0.10974168989103704	0.025516297751240556
0.16466915396284254	0.16559653564900959	0.11476558896412448	0.11255021038579523	0.01754409584426873
0.16603421894566356	0.1596715003982792	0.10584073248208084	0.11110645439224509	0.011299484433360665
0.17320486506346264	0.16973163608247085	0.09148001583440248	0.10696852764970341	0.016290346425952167
0.18305904950983407	0.180074500172185	0.07510733256884936	0.10779347605360234	0.02724366112374725
0.18882969460844506	0.1886953508880913	0.06301012756402778	0.11056419220503229	0.0410253345044127
0.19185184500050803	0.18970373400180018	0.06797470866362736	0.11663989486461934	0.05293899291280413
0.18635985690835571	0.18256704901596818	0.09029089779315229	0.12010451200223837	0.05888021189915029
0.17947380041772512	0.1731927399074153	0.11548427759979367	0.11817430343938948	0.058804641358202785
0.17371800895345038	0.16397628940027612	0.1379633986024846	0.11711806430214132	0.05147213441571159
0.16454459352600323	0.1534672832168085	0.14863624673131667	0.11146903776518854	0.03887183275404268
0.15917892624174435	0.14435293713339548	0.1435246270561566	0.1056212712798456	0.025258035878129744
0.15502183018269522	0.1454519838433875	0.128042409202654	0.10627704026629506	0.01537393436076622
0.15334153085205077	0.15336833535117447	0.11186299018174381	0.10904288209142245	0.020152059846377246
0.1502446136833273	0.1694896204642431	0.10580181302324007	0.11467850833929479	0.03159709124467137
0.14756452227706712	0.18348234369632185	0.10313337489732678	0.1158574797253475	0.041169504197799515
0.15229343356325906	0.19088042231473873	0.10204188222931762	0.11264909722380748	0.04629047790550066
0.16087056108977782	0.19168735489519179	0.10383947693936746	0.10461807152099503	0.045909312719810934
0.16523519708752307	0.18184957059178228	0.10574389124737121	0.09553828990449394	0.04048687545520957
0.16688959759364894	0.16455253640123493	0.10607703577589943	0.09335604367629093	0.031952834211837054
0.1692381850997247	0.15485869859602536	0.10653965916135641	0.09153655689512108	0.02274862431034307
0.16563366974562313	0.15199025778201336	0.11008918620381866	0.08997067017990615	0.0219799423501238
0.1557085044084079	0.16397115157152506	0.11255109632424794	0.09293244725569827	0.036481892780973114
0.14240409405925838	0.18082531633454532	0.11909239064407957	0.09516787226726368	0.05162415948004952
0.1294124999013551	0.1920028502163617	0.12381559830715949	0.09479142652401597	0.0642026645828853
0.12349482102915822	0.19836708448103382	0.12286407587251588	0.09337258757716686	0.07035329275674512
0.12070204448540825	0.2027306386426178	0.11789141097099964	0.08997349588061565	0.0676186897058143
0.12414057075765138	0.2027374895532208	0.10781767881997832	0.08703500342061023	0.058052464638203925
0.1345163467840915	0.20124149989346257	0.09610742916841845	0.08636386646558714	0.04371709479186033
0.13948069253535364	0.20887574512539542	0.08753827370184226	0.08805528793846332	0.027733652616269373
0.1374941666542712	0.22017165950999934	0.08450036834500575	0.08954957672460286	0.03180195236916102
0.13462853422517257	0.22667909670854214	0.0948159729597542	0.09010828483784217	0.0532860199397243
0.12804372741974887	0.22236029081836128	0.12006015816777113	0.08769052910495474	0.07423086524822728
0.12216261419169212	0.20865171365769117	0.14998537613206817	0.0826236331774908	0.08941690771031761
0.12447939853717603	0.1989419262942094	0.1730088918097327	0.0785447818108779	0.09469440398095588
0.12952861593737594	0.19356918515049237	0.17874268650830127	0.07549459513716412	0.08843284730835396
0.1315796769851024	0.1909068420357931	0.16667525720232004	0.07219605694313384	0.0731913608326903
0.12905053382889825	0.19794388272738722	0.14474309920073442	0.06790719819150916	0.05473468596636098
0.12187122466214333	0.2072982927224333	0.1201040406263538	0.0647768114600627	0.03711208064605338
0.11439463381370178	0.21378782795886256	0.09907246708912087	0.06375193572747871	0.02591333380467993
0.11191166660195341	0.2073589560913233	0.09038207268884409	0.0613289107626814	0.02623606790507596
0.10922557291244474	0.18851510472537852	0.09117900797758363	0.05738040953368551	0.030001005483828034
0.10977417364436069	0.16406689329149063	0.09664300266135879	0.053351497786004586	0.03196463471023569
0.11161604826141995	0.14030775271910995	0.10282516009984931	0.04857768523945691	0.033936308080715814
0.10947402915513148	0.11843801744663976	0.10858210963439124	0.04623118876696567	0.03372584039414211
0.1033471001385198	0.10401181044617702	0.11097349467783069	0.04430587893754558	0.031063556728009728
0.09547861034354474	0.10318043027044144	0.10990185115552142	0.04335908681463768	0.026710852600032052
0.0886775282890005	0.10961131159513318	0.10501671839012731	0.044370084193883975	0.021713117304814834
0.08214925353863958	0.116822593533276	0.09564050067644711	0.04471944031144709	0.027319288388308032
0.07662384755178447	0.12273416917412043	0.08714697238890337	0.043523337952180455	0.03422222810109786
0.07665189050496075	0.12583257426983674	0.08129775207094088	0.04156689039329572	0.03924612116078904
0.0794596639515395	0.12277754702586184	0.07780752088875939	0.038632226078583444	0.041355302616523086
0.08161561854444155	0.11424053365976465	0.07443813017002532	0.036413226687604806	0.04073397051016142
0.08329612551675841	0.1012651242792731	0.07009893660260669	0.03494087515946106	0.03798843417361715
0.08196711706684018	0.09539017014259142	0.06314210346669448	0.034541056692015626	0.03305358682683205
0.07890603012028236	0.09174820947566525	0.05728998131641787	0.03354728205799766	0.028366062214587946
0.07391667265876918	0.0889346887839092	0.05727253796076292	0.03335914481037235	0.02849055221031107
0.06636847561910686	0.08687014875271919	0.06031160147835076	0.033472658543296945	0.03239374320074541
0.06071842995432712	0.08345441495969194	0.0668128472858707	0.03286096730583236	0.036331201673163054
0.05718364732429385	0.0803650207771484	0.07148120936224965	0.03153489158893965	0.039616683625166814
0.05347882941240195	0.07635693343740864	0.0744936508260451	0.029209068177415934	0.04040732122644565
0.05167565352476818	0.07294795287456739	0.07326013404954	0.02932434925552486	0.03952612852534482
0.05210595533707255	0.07294384623854093	0.0666307444253584	0.030602900346760192	0.035599695106504736
0.053719544739307616	0.07431911788248627	0.05721099445390525	0.031095088219193955	0.030034621991135706
0.0545094527706108	0.07355566210235995	0.04826109311108778	0.030127522539201156	0.02669857646930515
0.05315121892343376	0.07059396620170336	0.04338601287207656	0.02935003574907815	0.027779013103588896
0.051375677424792855	0.06490871342730609	0.04165087206768213	0.02891037332510361	0.02948838821409522
0.051503357774417884	0.058089224319701795	0.04718178492065617	0.027415197309345534	0.030457360109854257
0.05118984807660415	0.052155353181957444	0.05246082338644324	0.025358417613362782	0.029980041307995718
0.049027269711719015	0.048696719339662034	0.054440981563533046	0.026467147847927332	0.02887896867940128
0.04609073159167105	0.048511886437311545	0.05481301601579322	0.02828587111357857	0.027088667187036487
0.042697706701462855	0.05114228170469689	0.05149376191318579	0.029240588894188284	0.024339415069124657
0.03917328131695507	0.05394030847762217	0.04598317973335046	0.030238542036127008	0.021566681153824492
0.03498974341750839	0.05533923559780749	0.042541235352858184	0.030105873959742895	0.018955433167712882
0.031205855278528857	0.05437057401733301	0.04101152801998811	0.02786358538730788	0.016889989448190694
0.030663984956068795	0.05141118994462544	0.03861166154555519	0.024781986713602117	0.019196821491670374
0.030894108142705292	0.04666784990558308	0.03743369448669688	0.023227525268576944	0.020464169102472722
0.030287866168894	0.04280857141708531	0.036979951864712826	0.02366115559497971	0.020096767034768356
0.028514698881333136	0.04135585492876784	0.03667395381314527	0.02454346026403529	0.021448801731646712
0.028041783176121375	0.0418183500413632	0.03497695072693264	0.025061584937298154	0.021488953873913072
0.028325679702074367	0.04131563349861978	0.03274806985100056	0.023773871153018444	0.01975098891831269
0.028747066725959985	0.039025362306379215	0.029670764728701997	0.022277270386080378	0.016917972985147696
0.02871936898482103	0.037063473473152204	0.02735368537146468	0.019782107232172212	0.015134048377679848
0.02727807139863719	0.03642077171069262	0.026655804739146912	0.016784227437171954	0.015304566429538454
0.02531361785785377	0.03496549613579274	0.02602126416081051	0.016581058607060613	0.01590001100443121
0.023357820076018485	0.03348152275443524	0.02638086666265109	0.01806192261722288	0.01594660290977194
0.022645627685260145	0.03305917030869625	0.026804740408176386	0.018311877464549	0.016187556559093503
0.02357680535891481	0.03293874617306841	0.02671087490963113	0.016971362794555363	0.01530526758262087
0.024825786217146897	0.03293633461023263	0.025327754897506542	0.014992259363174902	0.014224604361952494
0.025359130173105426	0.0323512304393682	0.024651524712430917	0.01309032074775948	0.012551475549848475
0.02436532289467199	0.03097551923979016	0.02357189072562941	0.011724086037513431	0.011149232614565447
0.023877445307234558	0.030896889415680313	0.021407536752418157	0.011306123208939516	0.01110287923813287
0.023894877210486956	0.03081421341589305	0.019245032718240487	0.012745336394805492	0.011931723312044886
0.022764263182488535	0.029965517345109622	0.01928873373819371	0.014745645544900736	0.012775431297757408
0.02089438099058539	0.029249530853632345	0.02083637397567869	0.01578145386566062	0.013124021882872575
0.020377540018748523	0.027767457748913323	0.02183715770821268	0.014885244338228396	0.012545553620486797
0.021030875275865866	0.026611413487922477	0.02137300597558499	0.013644995307359617	0.01088949330935531
0.02079534832241971	0.02689339227470406	0.019808905670443105	0.012215965987227892	0.009253370518253156
0.01937024451789435	0.026824357815800188	0.0187648672940748	0.011248801977454806	0.00903361153375363
0.017276174489867187	0.026426707294228156	0.018148760529549474	0.011981586931212686	0.008399892422538927
0.016018059140118213	0.02566986610067403	0.01625493130877749	0.012325043079149615	0.007499496133630402
0.015663108652514055	0.024346088870690792	0.014050683841452125	0.012598345681462255	0.010157836452629446
0.015022369966988294	0.022999482666492994	0.015336865095944443	0.0127633342453904	0.013186577034022592
0.014704009734226645	0.022236577801198094	0.017328746600780758	0.011892065011454782	0.015192694065357509
0.015245300359612099	0.022350122153155596	0.017611924726071267	0.01082233969998788	0.016452676360730084
0.015064392534011331	0.022860144112619364	0.01756410572163015	0.009699705329065509	0.016220479387821604
0.013955000780750878	0.022714050405761757	0.01746658655686628	0.009013476221148268	0.014183412741975179
0.012528605871268958	0.0216848559646253	0.016393631903952606	0.008883267089170784	0.011644029619384976
0.010543707127559084	0.02057314444407978	0.014417813622028078	0.008467218353419705	0.009261256768899486
0.009377150776745526	0.019158783774881494	0.01311169397062593	0.008868669498652235	0.007954758681723826
0.009003778286499398	0.017421137652878664	0.012742722132229798	0.008421460727780553	0.008426668994008657
0.009736870198251854	0.01581707284946901	0.013346997308199807	0.0074762288685546446	0.008702047490685538
0.010872804020148438	0.015991205426529032	0.013682063873728646	0.007584495716549409	0.007655253962717356
0.011440379440320027	0.01597043042349511	0.014376238504290838	0.007311374666644489	0.007165504443044005
0.01143938091807365	0.015350928328735011	0.01447516356133229	0.007127237383411346	0.007660897856959144
0.010509959565548668	0.014877383216001286	0.014599963199428037	0.007997163126723925	0.007466738252483866
0.009196570014554713	0.0142953120952413	0.01421463047884232	0.007868956201521407	0.006830342701989324
0.00823661780001377	0.013288033990802885	0.013294299308631262	0.007478651552794404	0.006696009335611851
0.007418643548259334	0.012170130496203737	0.013141587537190746	0.0072278787886400145	0.006577002933517069
0.007216076387323937	0.011539470430854105	0.013517246914936422	0.007282624261997965	0.006005322950514673
0.008431670260757727	0.011392549823961599	0.01367931988747562	0.00695002405835209	0.005776655575351276
0.009547719498158365	0.0116314717612253	0.01457295907310355	0.0063260006492647305	0.004918368099099851
0.009261838862687673	0.011703912545506382	0.014835256448750308	0.0065689005391154735	0.003890963729038297
0.008366858871105113	0.011533105786926148	0.0140020322250584	0.007317436017357147	0.004485985683398119
0.0072103286519933155	0.011303249431099841	0.012614919392945113	0.007039541473265081	0.004487400349192682
0.006497461691471928	0.011139731680066349	0.012398584680173429	0.007135148522866348	0.0039560244892538916
0.006610955854976704	0.010715421274594152	0.012131906974473975	0.006946461003344054	0.004243664196650171
0.007153905206211478	0.009585834807591799	0.01138445269995284	0.006748626081255649	0.004633340708546528
0.00730805055253911	0.009383784738104648	0.01187543666545073	0.007035776333891207	0.004493197772011655
0.007365096054558097	0.009477393952126054	0.012544370106302256	0.0064016901573584455	0.004033573197385183
0.007914268013292083	0.009046153213249211	0.011983036452117821	0.006181998486509463	0.0037712107588790135
0.007356415203441771	0.00884088143612906	0.011259801422889142	0.006924447585882759	0.003583043448112596
0.006004255967543102	0.0083991742469991	0.01057709507048243	0.007030593392481603	0.00310337237646817
0.005608711342655351	0.007853497645878154	0.010069961724903742	0.006808039289235217	0.0033703907020891134
0.005457768107521497	0.008016118291906325	0.009464796880341977	0.006690588975463156	0.0033067365372620302
0.005123480821264284	0.00825014768730487	0.00851264948378022	0.006490696004271786	0.002774265684713568
0.005710783471324123	0.007626779340990203	0.00810924348113765	0.006421293408655301	0.0035292845775589236
0.0057096002696682205	0.00736746392368135	0.007738531567549881	0.006112039483704648	0.003673094969023226
0.005185195056719572	0.00789423822130991	0.007843965118013604	0.0061451910845957535	0.003271445756263046
0.005513300714987623	0.007603588438879884	0.007809786061443923	0.00655521590849609	0.0037200057097617036
0.0056185875519796135	0.0070115197492819	0.007446902148118384	0.006078657829507249	0.0036659661093891498
0.005133750976886211	0.007466703937777488	0.007484008617353205	0.0061815836993043246	0.003598005140824142
0.004797821407692765	0.007498716115644139	0.00667906487734236	0.006438370595854872	0.003448390096575285
0.004726349550323117	0.006571547196036645	0.0058981391236095585	0.006090026373891374	0.0033809357298342
0.004691959879580576	0.007278887854637797	0.0063616230924427655	0.006423185278304975	0.003342795343346149
0.004791816286714251	0.0071132732175177875	0.006256947391051292	0.0060932363820518365	0.0031150589054144326
0.004948285778860865	0.00673781651719191	0.005769842812075985	0.005894187109061183	0.003300541172635193
0.004634470830311403	0.0073963067653775565	0.005225570860830662	0.006531819237724243	0.0031890272908893353
0.0041830215600497335	0.007134568873714409	0.004975383347000916	0.006397681711942281	0.002846256063504986
0.004635736829134896	0.006505794007528076	0.0049315336955141715	0.006329354016194073	0.0033710383534778835
0.004664389373227807	0.006301881838212521	0.004889467810570266	0.006254903771719316	0.003432435556612885
0.00409464069570209	0.006575466248190991	0.00479134585711848	0.005923216976942645	0.002784146586908017
0.0044168149057515664	0.00658295859088287	0.005353705039572478	0.006212074442984099	0.0032147723660835973
0.004330309400603615	0.006516826202806106	0.005301472186713041	0.006136452884043962	0.003187002196117262
0.0038704833717419546	0.006831521463558456	0.004709810159589087	0.006087064577309181	0.0027691897007158777
0.004192915477242484	0.0068762185748044305	0.004207596918343325	0.006340808829720321	0.0033390514683026198
0.004195738351847712	0.00645530189455795	0.00424318330622832	0.005855968011255046	0.00324889797110862
0.0037502790178740434	0.006812500185141523	0.004559831732954511	0.006111155796882638	0.0028828454098525033
0.004259865748801614	0.006696516166804225	0.004542975156787206	0.006250071238840195	0.00309606105411128
